1 10 4.5
1 20 3.0
1 30 4.0
1 40 4.2
1 50 3.8
1 60 4.7
1 70 3.9
1 80 4.1
1 90 4.6
1 100 3.5

2 10 5.0
2 20 2.5
2 40 4.5
2 50 4.0
2 60 4.8
2 70 3.7
2 80 4.2
2 90 4.9
2 100 3.1
2 110 4.4

3 10 4.0
3 30 4.5
3 50 5.0
3 60 4.6
3 70 4.2
3 80 4.8
3 90 5.0
3 100 3.9
3 110 4.3
3 120 4.7

4 20 3.5
4 30 4.0
4 40 4.0
4 50 3.9
4 60 4.1
4 70 4.3
4 80 4.5
4 90 4.0
4 100 3.8
4 120 4.6

5 10 2.0
5 40 4.5
5 50 4.0
5 60 3.5
5 70 3.8
5 80 4.1
5 90 4.3
5 100 3.2
5 110 4.0
5 120 4.4

6 10 4.8
6 20 3.9
6 30 4.6
6 40 4.7
6 50 4.9
6 60 5.0
6 70 4.2
6 80 4.5
6 90 4.8
6 100 4.1

7 20 2.8
7 30 3.5
7 40 3.9
7 50 4.2
7 60 4.0
7 70 3.6
7 80 4.1
7 90 4.4
7 100 3.7
7 110 4.0

8 10 5.0
8 30 4.7
8 50 4.9
8 70 4.5
8 90 5.0
8 110 4.8
8 130 4.6
8 150 4.9
8 170 5.0
8 190 4.7

9 20 3.1
9 40 3.8
9 60 4.0
9 80 4.2
9 100 3.9
9 120 4.1
9 140 4.3
9 160 4.0
9 180 4.4
9 200 4.5

10 10 2.5
10 20 3.0
10 30 3.2
10 40 3.8
10 50 4.0
10 60 4.1
10 70 4.3
10 80 4.5
10 90 4.6
10 100 4.8

11 110 4.2
11 120 4.5
11 130 4.7
11 140 4.8
11 150 4.9
11 160 5.0
11 170 4.6
11 180 4.4
11 190 4.7
11 200 4.8

12 10 3.9
12 50 4.2
12 90 4.4
12 130 4.6
12 170 4.8
12 210 5.0
12 250 4.9
12 290 4.7
12 330 4.8
12 370 5.0

13 15 4.1
13 25 3.9
13 35 4.0
13 45 4.2
13 55 4.5
13 65 4.6
13 75 4.4
13 85 4.7
13 95 4.8
13 105 4.9

14 200 3.5
14 210 3.8
14 220 4.0
14 230 4.2
14 240 4.1
14 250 4.4
14 260 4.5
14 270 4.6
14 280 4.7
14 290 4.8

15 300 4.9
15 310 4.8
15 320 5.0
15 330 4.7
15 340 4.9
15 350 5.0
15 360 4.8
15 370 4.9
15 380 5.0
15 390 4.7